fitresult : 0 +/- 0 (0, 0, 0) 1 plainx 0 none 3 
hfag_ycp : 0.00866 +/- 0.00155 (0.00155, 0, 0) 1 ycp 2 none 3 
hfag_agamma : -0.00022 +/- 0.00161 (0.00161, 0, 0) 1 agamma 3 none 3 
lhcb_agamma_kk : -0.00035 +/- 0.000631506 (0.00062, 0.00012, 0) 1 agamma 3 none 3 
lhcb_agamma_pipi : 0.00033 +/- 0.00106921 (0.00106, 0.00014, 0) 1 agamma 3 none 3 
lhcb_xp2_p : 4.9e-05 +/- 6.99714e-05 (6e-05, 3.6e-05, 0) 1 xprimep 5 kpi 0 
lhcb_yprime_p : 0.0051 +/- 0.00138924 (0.0012, 0.0007, 0) 1 yprimep 8 kpi 0 
lhcb_rd_p : 0.003523 +/- 9.36483e-05 (8.1e-05, 4.7e-05, 0) 1 rsubdp 15 none 3 
lhcb_xp2_m : 6e-05 +/- 6.82642e-05 (5.8e-05, 3.6e-05, 0) 1 xprimem 6 kpi 0 
lhcb_yprime_m : 0.0045 +/- 0.00138924 (0.0012, 0.0007, 0) 1 yprimem 9 kpi 0 
lhcb_rd_m : 0.003613 +/- 9.45145e-05 (8.2e-05, 4.7e-05, 0) 1 rsubdm 14 none 3 
belle_kspipi_x : 0.0081 +/- 0.0033541 (0.003, 0.0015, 0) 1 plainx 0 none 3 
belle_kspipi_y : 0.0037 +/- 0.00277308 (0.0025, 0.0012, 0) 1 plainy 1 none 3 
belle_qoverp : 0.86 +/- 0.316228 (0.3, 0.1, 0) 1 qoverp 18 none 3 
belle_phi : -0.244 +/- 0.3228 (0.31, 0.09, 0) 1 phi 19 none 3 
cleo_cosd : 0.81 +/- 0.208806 (0.2, 0.06, 0) 1 cosangle 10 kpi 0 
cleo_sind : -0.01 +/- 0.411947 (0.41, 0.04, 0) 1 sinangle 11 kpi 0 
cleo_rd : 0.00533 +/- 0.00116078 (0.00107, 0.00045, 0) 1 rsubd 16 none 3 
cleo_x2 : 0.0006 +/- 0.00254951 (0.0023, 0.0011, 0) 1 xsquare 20 kpi 0 
cleo_y : 0.042 +/- 0.0223607 (0.02, 0.01, 0) 1 plainy 1 kpi 0 
cdf_rd : 0.00304 +/- 0.00055 (0.00055, 0, 0) 1 rsubd 16 none 3 
cdf_xp2 : -0.00012 +/- 0.00035 (0.00035, 0, 0) 1 xprime 4 kpi 0 
cdf_yprime : 0.0085 +/- 0.0076 (0.0076, 0, 0) 1 yprime 7 kpi 0 
belle_rd_m : 0.0036 +/- 0.0002 (0.0002, 0, 0) 1 rsubdm 14 none 3 
belle_xp2_m : 6e-05 +/- 0.00034 (0.00034, 0, 0) 1 xprimem 6 kpi 0 
belle_yprime_m : 0.002 +/- 0.0054 (0.0054, 0, 0) 1 yprimem 9 kpi 0 
belle_rd_p : 0.00368 +/- 0.0002 (0.0002, 0, 0) 1 rsubdp 15 none 3 
belle_xp2_p : 0.00032 +/- 0.00037 (0.00037, 0, 0) 1 xprimep 5 kpi 0 
belle_yprime_p : -0.0012 +/- 0.0058 (0.0058, 0, 0) 1 yprimep 8 kpi 0 
babar_rd_m : 0.00303 +/- 0.000223607 (0.0002, 0.0001, 0) 1 rsubdm 14 none 3 
babar_xp2_m : -0.0002 +/- 0.000502195 (0.00041, 0.00029, 0) 1 xprimem 6 kpi 0 
babar_yprime_m : 0.0096 +/- 0.00782368 (0.0064, 0.0045, 0) 1 yprimem 9 kpi 0 
babar_rd_p : 0.00303 +/- 0.000223607 (0.0002, 0.0001, 0) 1 rsubdp 15 none 3 
babar_xp2_p : -0.00024 +/- 0.000524309 (0.00043, 0.0003, 0) 1 xprimep 5 kpi 0 
babar_yprime_p : 0.0098 +/- 0.00746324 (0.0061, 0.0043, 0) 1 yprimep 8 kpi 0 
babar_kspipi_x : 0.0016 +/- 0.00271477 (0.0023, 0.0012, 0.0008) 1 plainx 0 none 3 
babar_kspipi_y : 0.0057 +/- 0.00248596 (0.002, 0.0013, 0.0007) 1 plainy 1 none 3 
Activating result: hfag_ycp
Activating result: lhcb_xp2_m
Activating result: lhcb_yprime_m
Activating result: lhcb_rd_m
Activating result: lhcb_xp2_p
Activating result: lhcb_yprime_p
Activating result: lhcb_rd_p
Activating result: belle_kspipi_x
Activating result: belle_kspipi_y
Activating result: belle_qoverp
Activating result: belle_phi
Activating result: cleo_cosd
Activating result: cleo_sind
Activating result: cleo_rd
Activating result: cleo_x2
Activating result: cleo_y
Activating result: babar_kspipi_x
Activating result: babar_kspipi_y
Activating result: hfag_agamma
Activating result: lhcb_agamma_kk
Activating result: lhcb_agamma_pipi
Following results will be used in fit: 
  hfag_ycp
  hfag_agamma
  lhcb_agamma_kk
  lhcb_agamma_pipi
  lhcb_xp2_p
  lhcb_yprime_p
  lhcb_rd_p
  lhcb_xp2_m
  lhcb_yprime_m
  lhcb_rd_m
  belle_kspipi_x
  belle_kspipi_y
  belle_qoverp
  belle_phi
  cleo_cosd
  cleo_sind
  cleo_rd
  cleo_x2
  cleo_y
  babar_kspipi_x
  babar_kspipi_y
hfag_ycp is sensitive to x
hfag_ycp is sensitive to y
lhcb_xp2_p is sensitive to deltaKpi
hfag_ycp is sensitive to phi
lhcb_rd_m is sensitive to rsubdm
lhcb_rd_p is sensitive to rsubdp
hfag_ycp is sensitive to qoverp
 PARAMETER DEFINITIONS:
    NO.   NAME         VALUE      STEP SIZE      LIMITS
     1 x            1.20000e-03  1.00000e-04   -1.00000e-01  1.50000e-01
     2 y            7.00000e-03  1.00000e-04   -1.00000e-01  1.50000e-01
     3 deltaKpi     3.00000e-01  1.00000e-02   -1.60000e+00  2.60000e+00
     4 deltaKpipi0   3.90000e-01  1.00000e-02   -3.00000e+00  2.00000e+00
 **********
 **    1 **FIX           4
 **********
 PARAMETER DEFINITIONS:
    NO.   NAME         VALUE      STEP SIZE      LIMITS
     5 phi          0.00000e+00  1.00000e-03   -3.15000e+00  3.15000e+00
     6 rsubdm       3.40000e-03  1.00000e-04   -1.00000e-02  1.00000e-02
     7 rsubdp       3.40000e-03  1.00000e-04   -1.00000e-02  1.00000e-02
     8 qoverp       1.00000e+00  1.00000e-02    2.50000e-01  1.90000e+00
 **********
 **    2 **SET STR            2
 **********
 NOW USING STRATEGY  2: MAKE SURE MINIMUM TRUE, ERRORS CORRECT  
 **********
 **    3 **MIGRAD
 **********
 FIRST CALL TO USER FUNCTION AT NEW START POINT, WITH IFLAG=4.
 START MIGRAD MINIMIZATION.  STRATEGY  2.  CONVERGENCE WHEN EDM .LT. 1.00e-04
 EIGENVALUES OF SECOND-DERIVATIVE MATRIX:
        -1.0825e-01  9.0898e-02  1.1174e-01  1.8323e-01  2.2340e-01  2.4830e+00  4.0159e+00
 MINUIT WARNING IN HESSE   
 ============== MATRIX FORCED POS-DEF BY ADDING 0.112266 TO DIAGONAL.
 FCN=36.9743 FROM HESSE     STATUS=NOT POSDEF     64 CALLS          65 TOTAL
                     EDM=39.9803    STRATEGY= 2      ERR MATRIX NOT POS-DEF
  EXT PARAMETER                APPROXIMATE        STEP         FIRST   
  NO.   NAME      VALUE            ERROR          SIZE      DERIVATIVE 
   1  x            1.20000e-03   5.72011e-03   3.80599e-04   4.67926e+02
   2  y            7.00000e-03   2.40145e-04   9.03412e-05  -2.20899e+03
   3  deltaKpi     3.00000e-01   4.02160e-01   1.78941e-03   1.41316e+02
   4  deltaKpipi0   3.90000e-01     fixed    
   5  phi          0.00000e+00   9.29493e-02   1.38634e-03  -2.35503e+01
   6  rsubdm       3.40000e-03   3.75794e-05   2.40238e-04  -2.04840e+03
   7  rsubdp       3.40000e-03   4.21700e-05   2.33517e-04  -1.19788e+03
   8  qoverp       1.00000e+00   3.58816e-02   2.33617e-03   3.15434e+01
 MIGRAD MINIMIZATION HAS CONVERGED.
 MIGRAD WILL VERIFY CONVERGENCE AND ERROR MATRIX.
 COVARIANCE MATRIX CALCULATED SUCCESSFULLY
 FCN=17.063 FROM MIGRAD    STATUS=CONVERGED     481 CALLS         482 TOTAL
                     EDM=1.03812e-05    STRATEGY= 2      ERROR MATRIX ACCURATE 
  EXT PARAMETER                                   STEP         FIRST   
  NO.   NAME      VALUE            ERROR          SIZE      DERIVATIVE 
   1  x            4.53130e-03   1.74919e-03   7.52927e-06  -6.30531e-02
   2  y            6.87724e-03   8.52883e-04   1.91247e-06  -2.02740e+00
   3  deltaKpi     2.94782e-01   1.58871e-01   1.92181e-05   1.40853e-01
   4  deltaKpipi0   3.90000e-01     fixed    
   5  phi         -2.18989e-01   1.91173e-01   1.44411e-05  -1.90096e-02
   6  rsubdm       3.62089e-03   7.51217e-05   5.22974e-06   5.77353e-02
   7  rsubdp       3.49053e-03   5.44891e-05   5.05393e-06  -4.32551e-01
   8  qoverp       8.68618e-01   1.13939e-01   4.75156e-05  -2.57869e-02
 EXTERNAL ERROR MATRIX.    NDIM=  25    NPAR=  7    ERR DEF=1
  3.060e-06  4.837e-08  9.242e-06  1.244e-04  4.600e-08  4.272e-08  1.456e-05 
  4.837e-08  7.274e-07  1.228e-04 -5.153e-05  3.463e-08 -6.993e-09 -4.255e-05 
  9.242e-06  1.228e-04  2.529e-02 -7.284e-04  6.031e-06  1.136e-06 -2.958e-03 
  1.244e-04 -5.153e-05 -7.284e-04  3.659e-02 -6.007e-06  5.400e-06  2.000e-02 
  4.600e-08  3.463e-08  6.031e-06 -6.007e-06  5.643e-09  1.201e-10 -4.672e-06 
  4.272e-08 -6.993e-09  1.136e-06  5.400e-06  1.201e-10  2.969e-09  1.546e-06 
  1.456e-05 -4.255e-05 -2.958e-03  2.000e-02 -4.672e-06  1.546e-06  1.307e-02 
 PARAMETER  CORRELATION COEFFICIENTS  
       NO.  GLOBAL      1      2      3      5      6      7      8
        1  0.96676   1.000  0.032  0.033  0.372  0.350  0.448  0.073
        2  0.99103   0.032  1.000  0.905 -0.316  0.541 -0.150 -0.436
        3  0.99257   0.033  0.905  1.000 -0.024  0.505  0.131 -0.163
        5  0.99345   0.372 -0.316 -0.024  1.000 -0.418  0.518  0.914
        6  0.94985   0.350  0.541  0.505 -0.418  1.000  0.029 -0.544
        7  0.90806   0.448 -0.150  0.131  0.518  0.029  1.000  0.248
        8  0.98712   0.073 -0.436 -0.163  0.914 -0.544  0.248  1.000
 i, outpar[i], err[i] =  0:  0.0045313 +- 0.00174919
 i, outpar[i], err[i] =  1:  0.00687724 +- 0.000852883
 i, outpar[i], err[i] =  2:  0.294782 +- 0.158871
 i, outpar[i], err[i] =  3:  0.39 +- 0
 i, outpar[i], err[i] =  4:  -0.218989 +- 0.191173
 i, outpar[i], err[i] =  5:  0.00362089 +- 7.51217e-05
 i, outpar[i], err[i] =  6:  0.00349053 +- 5.44891e-05
 i, outpar[i], err[i] =  7:  0.868618 +- 0.113939
MixDrawer::graphicsXIndex = 7
name = fitresult
toDraw->getName() = fitresult
name = none
prevOpt->numContours = 5
-------------------------
Set LHCb Style - Feb 2012
-------------------------
set central val graph to (|q/p|,#phi[rad]) = (0.868618,-0.218989)
centralChisq=17.063
 **********
 **    4 **FIX           8
 **********
 **********
 **    5 **FIX           5
 **********
 **********
 **    6 **SET ERRDEF           1
 **********
Fitting line 25
Fitting line 50
Fitting line 75
Fitting line 100
