fitresult : 0 +/- 0 (0, 0, 0) 1 plainx 0 none 3 
hfag_ycp : 0.00866 +/- 0.00155 (0.00155, 0, 0) 1 ycp 2 none 3 
hfag_agamma : -0.00022 +/- 0.00161 (0.00161, 0, 0) 1 agamma 3 none 3 
lhcb_agamma_kk : -0.00035 +/- 0.000631506 (0.00062, 0.00012, 0) 1 agamma 3 none 3 
lhcb_agamma_pipi : 0.00033 +/- 0.00106921 (0.00106, 0.00014, 0) 1 agamma 3 none 3 
lhcb_xp2_p : 4.9e-05 +/- 6.99714e-05 (6e-05, 3.6e-05, 0) 1 xprimep 5 kpi 0 
lhcb_yprime_p : 0.0051 +/- 0.00138924 (0.0012, 0.0007, 0) 1 yprimep 8 kpi 0 
lhcb_rd_p : 0.003523 +/- 9.36483e-05 (8.1e-05, 4.7e-05, 0) 1 rsubdp 15 none 3 
lhcb_xp2_m : 6e-05 +/- 6.82642e-05 (5.8e-05, 3.6e-05, 0) 1 xprimem 6 kpi 0 
lhcb_yprime_m : 0.0045 +/- 0.00138924 (0.0012, 0.0007, 0) 1 yprimem 9 kpi 0 
lhcb_rd_m : 0.003613 +/- 9.45145e-05 (8.2e-05, 4.7e-05, 0) 1 rsubdm 14 none 3 
belle_kspipi_x : 0.0081 +/- 0.0033541 (0.003, 0.0015, 0) 1 plainx 0 none 3 
belle_kspipi_y : 0.0037 +/- 0.00277308 (0.0025, 0.0012, 0) 1 plainy 1 none 3 
belle_qoverp : 0.86 +/- 0.316228 (0.3, 0.1, 0) 1 qoverp 18 none 3 
belle_phi : -0.244 +/- 0.3228 (0.31, 0.09, 0) 1 phi 19 none 3 
cleo_cosd : 0.81 +/- 0.208806 (0.2, 0.06, 0) 1 cosangle 10 kpi 0 
cleo_sind : -0.01 +/- 0.411947 (0.41, 0.04, 0) 1 sinangle 11 kpi 0 
cleo_rd : 0.00533 +/- 0.00116078 (0.00107, 0.00045, 0) 1 rsubd 16 none 3 
cleo_x2 : 0.0006 +/- 0.00254951 (0.0023, 0.0011, 0) 1 xsquare 20 kpi 0 
cleo_y : 0.042 +/- 0.0223607 (0.02, 0.01, 0) 1 plainy 1 kpi 0 
cdf_rd : 0.00304 +/- 0.00055 (0.00055, 0, 0) 1 rsubd 16 none 3 
cdf_xp2 : -0.00012 +/- 0.00035 (0.00035, 0, 0) 1 xprime 4 kpi 0 
cdf_yprime : 0.0085 +/- 0.0076 (0.0076, 0, 0) 1 yprime 7 kpi 0 
belle_rd_m : 0.0036 +/- 0.0002 (0.0002, 0, 0) 1 rsubdm 14 none 3 
belle_xp2_m : 6e-05 +/- 0.00034 (0.00034, 0, 0) 1 xprimem 6 kpi 0 
belle_yprime_m : 0.002 +/- 0.0054 (0.0054, 0, 0) 1 yprimem 9 kpi 0 
belle_rd_p : 0.00368 +/- 0.0002 (0.0002, 0, 0) 1 rsubdp 15 none 3 
belle_xp2_p : 0.00032 +/- 0.00037 (0.00037, 0, 0) 1 xprimep 5 kpi 0 
belle_yprime_p : -0.0012 +/- 0.0058 (0.0058, 0, 0) 1 yprimep 8 kpi 0 
babar_rd_m : 0.00303 +/- 0.000223607 (0.0002, 0.0001, 0) 1 rsubdm 14 none 3 
babar_xp2_m : -0.0002 +/- 0.000502195 (0.00041, 0.00029, 0) 1 xprimem 6 kpi 0 
babar_yprime_m : 0.0096 +/- 0.00782368 (0.0064, 0.0045, 0) 1 yprimem 9 kpi 0 
babar_rd_p : 0.00303 +/- 0.000223607 (0.0002, 0.0001, 0) 1 rsubdp 15 none 3 
babar_xp2_p : -0.00024 +/- 0.000524309 (0.00043, 0.0003, 0) 1 xprimep 5 kpi 0 
babar_yprime_p : 0.0098 +/- 0.00746324 (0.0061, 0.0043, 0) 1 yprimep 8 kpi 0 
babar_kspipi_x : 0.0016 +/- 0.00271477 (0.0023, 0.0012, 0.0008) 1 plainx 0 none 3 
babar_kspipi_y : 0.0057 +/- 0.00248596 (0.002, 0.0013, 0.0007) 1 plainy 1 none 3 
Activating result: hfag_ycp
Activating result: lhcb_xp2_m
Activating result: lhcb_yprime_m
Activating result: lhcb_rd_m
Activating result: lhcb_xp2_p
Activating result: lhcb_yprime_p
Activating result: lhcb_rd_p
Activating result: belle_kspipi_x
Activating result: belle_kspipi_y
Activating result: belle_qoverp
Activating result: belle_phi
Activating result: cleo_cosd
Activating result: cleo_sind
Activating result: cleo_rd
Activating result: cleo_x2
Activating result: cleo_y
Activating result: cdf_rd
Activating result: cdf_xp2
Activating result: cdf_yprime
Activating result: babar_kspipi_x
Activating result: babar_kspipi_y
Activating result: hfag_agamma
Activating result: lhcb_agamma_kk
Activating result: lhcb_agamma_pipi
Following results will be used in fit: 
  hfag_ycp
  hfag_agamma
  lhcb_agamma_kk
  lhcb_agamma_pipi
  lhcb_xp2_p
  lhcb_yprime_p
  lhcb_rd_p
  lhcb_xp2_m
  lhcb_yprime_m
  lhcb_rd_m
  belle_kspipi_x
  belle_kspipi_y
  belle_qoverp
  belle_phi
  cleo_cosd
  cleo_sind
  cleo_rd
  cleo_x2
  cleo_y
  cdf_rd
  cdf_xp2
  cdf_yprime
  babar_kspipi_x
  babar_kspipi_y
hfag_ycp is sensitive to x
hfag_ycp is sensitive to y
lhcb_xp2_p is sensitive to deltaKpi
hfag_ycp is sensitive to phi
lhcb_rd_m is sensitive to rsubdm
lhcb_rd_p is sensitive to rsubdp
hfag_ycp is sensitive to qoverp
 PARAMETER DEFINITIONS:
    NO.   NAME         VALUE      STEP SIZE      LIMITS
     1 x            1.20000e-03  1.00000e-04   -1.00000e-01  1.50000e-01
     2 y            7.00000e-03  1.00000e-04   -1.00000e-01  1.50000e-01
     3 deltaKpi     3.00000e-01  1.00000e-02   -1.60000e+00  2.60000e+00
     4 deltaKpipi0   3.90000e-01  1.00000e-02   -3.00000e+00  2.00000e+00
 **********
 **    1 **FIX           4
 **********
 PARAMETER DEFINITIONS:
    NO.   NAME         VALUE      STEP SIZE      LIMITS
     5 phi          0.00000e+00  1.00000e-03   -3.15000e+00  3.15000e+00
     6 rsubdm       3.40000e-03  1.00000e-04   -1.00000e-02  1.00000e-02
     7 rsubdp       3.40000e-03  1.00000e-04   -1.00000e-02  1.00000e-02
     8 qoverp       1.00000e+00  1.00000e-02    2.50000e-01  1.90000e+00
 **********
 **    2 **SET STR            2
 **********
 NOW USING STRATEGY  2: MAKE SURE MINIMUM TRUE, ERRORS CORRECT  
 **********
 **    3 **MIGRAD
 **********
 FIRST CALL TO USER FUNCTION AT NEW START POINT, WITH IFLAG=4.
 START MIGRAD MINIMIZATION.  STRATEGY  2.  CONVERGENCE WHEN EDM .LT. 1.00e-04
 EIGENVALUES OF SECOND-DERIVATIVE MATRIX:
        -3.4554e-02  6.9732e-02  1.1190e-01  1.7729e-01  1.9616e-01  2.4713e+00  4.0082e+00
 MINUIT WARNING IN HESSE   
 ============== MATRIX FORCED POS-DEF BY ADDING 0.038562 TO DIAGONAL.
 FCN=46.6007 FROM HESSE     STATUS=NOT POSDEF     64 CALLS          65 TOTAL
                     EDM=36.8821    STRATEGY= 2      ERR MATRIX NOT POS-DEF
  EXT PARAMETER                APPROXIMATE        STEP         FIRST   
  NO.   NAME      VALUE            ERROR          SIZE      DERIVATIVE 
   1  x            1.20000e-03   5.17691e-03   4.12823e-04   1.71278e+02
   2  y            7.00000e-03   3.07789e-04   9.89994e-05  -8.88306e+02
   3  deltaKpi     3.00000e-01   4.38631e-01   2.01382e-03   7.91585e+01
   4  deltaKpipi0   3.90000e-01     fixed    
   5  phi          0.00000e+00   1.09999e-01   1.55214e-03  -2.35503e+01
   6  rsubdm       3.40000e-03   4.27803e-05   2.66501e-04  -1.71189e+03
   7  rsubdp       3.40000e-03   4.54626e-05   2.59175e-04  -8.61374e+02
   8  qoverp       1.00000e+00   4.34673e-02   2.61556e-03   3.15434e+01
 MIGRAD MINIMIZATION HAS CONVERGED.
 MIGRAD WILL VERIFY CONVERGENCE AND ERROR MATRIX.
 COVARIANCE MATRIX CALCULATED SUCCESSFULLY
 FCN=28.5354 FROM MIGRAD    STATUS=CONVERGED     365 CALLS         366 TOTAL
                     EDM=4.69497e-06    STRATEGY= 2      ERROR MATRIX ACCURATE 
  EXT PARAMETER                                   STEP         FIRST   
  NO.   NAME      VALUE            ERROR          SIZE      DERIVATIVE 
   1  x            4.74598e-03   1.75919e-03   1.45312e-05   1.85950e-01
   2  y            6.57962e-03   9.03408e-04   2.38219e-06  -1.30730e+00
   3  deltaKpi     2.73234e-01   1.80904e-01   2.51591e-05   1.26288e-01
   4  deltaKpipi0   3.90000e-01     fixed    
   5  phi         -8.13199e-02   1.14154e-01   1.95842e-05  -1.78875e-01
   6  rsubdm       3.59067e-03   6.21612e-05   6.61633e-06  -6.25170e-01
   7  rsubdp       3.50795e-03   5.41207e-05   6.40972e-06   2.87851e-01
   8  qoverp       9.58012e-01   8.77725e-02   6.70861e-05   5.86942e-02
 EXTERNAL ERROR MATRIX.    NDIM=  25    NPAR=  7    ERR DEF=1
  3.095e-06  5.975e-08 -3.910e-06  3.200e-05  4.703e-08  4.354e-08 -4.436e-06 
  5.975e-08  8.162e-07  1.574e-04 -1.877e-05  2.154e-08  6.284e-09 -2.016e-05 
 -3.910e-06  1.574e-04  3.281e-02 -2.680e-03  5.315e-06  2.612e-06 -3.228e-03 
  3.200e-05 -1.877e-05 -2.680e-03  1.304e-02 -2.312e-06  2.058e-06  9.105e-03 
  4.703e-08  2.154e-08  5.315e-06 -2.312e-06  3.864e-09  8.433e-10 -1.575e-06 
  4.354e-08  6.284e-09  2.612e-06  2.058e-06  8.433e-10  2.929e-09  1.712e-07 
 -4.436e-06 -2.016e-05 -3.228e-03  9.105e-03 -1.575e-06  1.712e-07  7.734e-03 
 PARAMETER  CORRELATION COEFFICIENTS  
       NO.  GLOBAL      1      2      3      5      6      7      8
        1  0.92348   1.000  0.038 -0.012  0.159  0.430  0.457 -0.029
        2  0.99243   0.038  1.000  0.962 -0.182  0.384  0.129 -0.254
        3  0.99404  -0.012  0.962  1.000 -0.130  0.472  0.266 -0.203
        5  0.97918   0.159 -0.182 -0.130  1.000 -0.326  0.333  0.907
        6  0.92728   0.430  0.384  0.472 -0.326  1.000  0.251 -0.288
        7  0.90847   0.457  0.129  0.266  0.333  0.251  1.000  0.036
        8  0.97206  -0.029 -0.254 -0.203  0.907 -0.288  0.036  1.000
 i, outpar[i], err[i] =  0:  0.00474598 +- 0.00175919
 i, outpar[i], err[i] =  1:  0.00657962 +- 0.000903408
 i, outpar[i], err[i] =  2:  0.273234 +- 0.180904
 i, outpar[i], err[i] =  3:  0.39 +- 0
 i, outpar[i], err[i] =  4:  -0.0813199 +- 0.114154
 i, outpar[i], err[i] =  5:  0.00359067 +- 6.21612e-05
 i, outpar[i], err[i] =  6:  0.00350795 +- 5.41207e-05
 i, outpar[i], err[i] =  7:  0.958012 +- 0.0877725
MixDrawer::graphicsXIndex = 0
name = fitresult
toDraw->getName() = fitresult
name = none
prevOpt->numContours = 5
-------------------------
Set LHCb Style - Feb 2012
-------------------------
set central val graph to (x,y) = (0.00474598,0.00657962)
centralChisq=28.5354
 **********
 **    4 **FIX           1
 **********
 **********
 **    5 **FIX           2
 **********
 **********
 **    6 **SET ERRDEF           1
 **********
Fitting line 25
Fitting line 50
Fitting line 75
Fitting line 100
