fitresult : 0 +/- 0 (0, 0, 0) 1 plainx 0 none 3 
hfag_ycp : 0.00866 +/- 0.00155 (0.00155, 0, 0) 1 ycp 2 none 3 
hfag_agamma : -0.00022 +/- 0.00161 (0.00161, 0, 0) 1 agamma 3 none 3 
lhcb_agamma_kk : -0.00035 +/- 0.000631506 (0.00062, 0.00012, 0) 1 agamma 3 none 3 
lhcb_agamma_pipi : 0.00033 +/- 0.00106921 (0.00106, 0.00014, 0) 1 agamma 3 none 3 
lhcb_xp2_p : 4.9e-05 +/- 6.99714e-05 (6e-05, 3.6e-05, 0) 1 xprimep 5 kpi 0 
lhcb_yprime_p : 0.0051 +/- 0.00138924 (0.0012, 0.0007, 0) 1 yprimep 8 kpi 0 
lhcb_rd_p : 0.003523 +/- 9.36483e-05 (8.1e-05, 4.7e-05, 0) 1 rsubdp 15 none 3 
lhcb_xp2_m : 6e-05 +/- 6.82642e-05 (5.8e-05, 3.6e-05, 0) 1 xprimem 6 kpi 0 
lhcb_yprime_m : 0.0045 +/- 0.00138924 (0.0012, 0.0007, 0) 1 yprimem 9 kpi 0 
lhcb_rd_m : 0.003613 +/- 9.45145e-05 (8.2e-05, 4.7e-05, 0) 1 rsubdm 14 none 3 
belle_kspipi_x : 0.0081 +/- 0.0033541 (0.003, 0.0015, 0) 1 plainx 0 none 3 
belle_kspipi_y : 0.0037 +/- 0.00277308 (0.0025, 0.0012, 0) 1 plainy 1 none 3 
belle_qoverp : 0.86 +/- 0.316228 (0.3, 0.1, 0) 1 qoverp 18 none 3 
belle_phi : -0.244 +/- 0.3228 (0.31, 0.09, 0) 1 phi 19 none 3 
cleo_cosd : 0.81 +/- 0.208806 (0.2, 0.06, 0) 1 cosangle 10 kpi 0 
cleo_sind : -0.01 +/- 0.411947 (0.41, 0.04, 0) 1 sinangle 11 kpi 0 
cleo_rd : 0.00533 +/- 0.00116078 (0.00107, 0.00045, 0) 1 rsubd 16 none 3 
cleo_x2 : 0.0006 +/- 0.00254951 (0.0023, 0.0011, 0) 1 xsquare 20 kpi 0 
cleo_y : 0.042 +/- 0.0223607 (0.02, 0.01, 0) 1 plainy 1 kpi 0 
cdf_rd : 0.00304 +/- 0.00055 (0.00055, 0, 0) 1 rsubd 16 none 3 
cdf_xp2 : -0.00012 +/- 0.00035 (0.00035, 0, 0) 1 xprime 4 kpi 0 
cdf_yprime : 0.0085 +/- 0.0076 (0.0076, 0, 0) 1 yprime 7 kpi 0 
belle_rd_m : 0.0036 +/- 0.0002 (0.0002, 0, 0) 1 rsubdm 14 none 3 
belle_xp2_m : 6e-05 +/- 0.00034 (0.00034, 0, 0) 1 xprimem 6 kpi 0 
belle_yprime_m : 0.002 +/- 0.0054 (0.0054, 0, 0) 1 yprimem 9 kpi 0 
belle_rd_p : 0.00368 +/- 0.0002 (0.0002, 0, 0) 1 rsubdp 15 none 3 
belle_xp2_p : 0.00032 +/- 0.00037 (0.00037, 0, 0) 1 xprimep 5 kpi 0 
belle_yprime_p : -0.0012 +/- 0.0058 (0.0058, 0, 0) 1 yprimep 8 kpi 0 
babar_rd_m : 0.00303 +/- 0.000223607 (0.0002, 0.0001, 0) 1 rsubdm 14 none 3 
babar_xp2_m : -0.0002 +/- 0.000502195 (0.00041, 0.00029, 0) 1 xprimem 6 kpi 0 
babar_yprime_m : 0.0096 +/- 0.00782368 (0.0064, 0.0045, 0) 1 yprimem 9 kpi 0 
babar_rd_p : 0.00303 +/- 0.000223607 (0.0002, 0.0001, 0) 1 rsubdp 15 none 3 
babar_xp2_p : -0.00024 +/- 0.000524309 (0.00043, 0.0003, 0) 1 xprimep 5 kpi 0 
babar_yprime_p : 0.0098 +/- 0.00746324 (0.0061, 0.0043, 0) 1 yprimep 8 kpi 0 
babar_kspipi_x : 0.0016 +/- 0.00271477 (0.0023, 0.0012, 0.0008) 1 plainx 0 none 3 
babar_kspipi_y : 0.0057 +/- 0.00248596 (0.002, 0.0013, 0.0007) 1 plainy 1 none 3 
Activating result: hfag_ycp
Activating result: lhcb_xp2_m
Activating result: lhcb_yprime_m
Activating result: lhcb_rd_m
Activating result: lhcb_xp2_p
Activating result: lhcb_yprime_p
Activating result: lhcb_rd_p
Activating result: belle_kspipi_x
Activating result: belle_kspipi_y
Activating result: belle_qoverp
Activating result: belle_phi
Activating result: cleo_cosd
Activating result: cleo_sind
Activating result: cleo_rd
Activating result: cleo_x2
Activating result: cleo_y
Activating result: cdf_rd
Activating result: cdf_xp2
Activating result: cdf_yprime
Activating result: babar_kspipi_x
Activating result: babar_kspipi_y
Activating result: hfag_agamma
Following results will be used in fit: 
  hfag_ycp
  hfag_agamma
  lhcb_xp2_p
  lhcb_yprime_p
  lhcb_rd_p
  lhcb_xp2_m
  lhcb_yprime_m
  lhcb_rd_m
  belle_kspipi_x
  belle_kspipi_y
  belle_qoverp
  belle_phi
  cleo_cosd
  cleo_sind
  cleo_rd
  cleo_x2
  cleo_y
  cdf_rd
  cdf_xp2
  cdf_yprime
  babar_kspipi_x
  babar_kspipi_y
hfag_ycp is sensitive to x
hfag_ycp is sensitive to y
lhcb_xp2_p is sensitive to deltaKpi
hfag_ycp is sensitive to phi
lhcb_rd_m is sensitive to rsubdm
lhcb_rd_p is sensitive to rsubdp
hfag_ycp is sensitive to qoverp
 PARAMETER DEFINITIONS:
    NO.   NAME         VALUE      STEP SIZE      LIMITS
     1 x            1.20000e-03  1.00000e-04   -1.00000e-01  1.50000e-01
     2 y            7.00000e-03  1.00000e-04   -1.00000e-01  1.50000e-01
     3 deltaKpi     3.00000e-01  1.00000e-02   -1.60000e+00  2.60000e+00
     4 deltaKpipi0   3.90000e-01  1.00000e-02   -3.00000e+00  2.00000e+00
 **********
 **    1 **FIX           4
 **********
 PARAMETER DEFINITIONS:
    NO.   NAME         VALUE      STEP SIZE      LIMITS
     5 phi          0.00000e+00  1.00000e-03   -3.15000e+00  3.15000e+00
     6 rsubdm       3.40000e-03  1.00000e-04   -1.00000e-02  1.00000e-02
     7 rsubdp       3.40000e-03  1.00000e-04   -1.00000e-02  1.00000e-02
     8 qoverp       1.00000e+00  1.00000e-02    2.50000e-01  1.90000e+00
 **********
 **    2 **SET STR            2
 **********
 NOW USING STRATEGY  2: MAKE SURE MINIMUM TRUE, ERRORS CORRECT  
 **********
 **    3 **MIGRAD
 **********
 FIRST CALL TO USER FUNCTION AT NEW START POINT, WITH IFLAG=4.
 START MIGRAD MINIMIZATION.  STRATEGY  2.  CONVERGENCE WHEN EDM .LT. 1.00e-04
 EIGENVALUES OF SECOND-DERIVATIVE MATRIX:
        -3.3310e-02  7.0992e-02  1.0041e-01  1.6768e-01  1.9187e-01  2.4937e+00  4.0087e+00
 MINUIT WARNING IN HESSE   
 ============== MATRIX FORCED POS-DEF BY ADDING 0.037319 TO DIAGONAL.
 FCN=46.1982 FROM HESSE     STATUS=NOT POSDEF     64 CALLS          65 TOTAL
                     EDM=38.403    STRATEGY= 2      ERR MATRIX NOT POS-DEF
  EXT PARAMETER                APPROXIMATE        STEP         FIRST   
  NO.   NAME      VALUE            ERROR          SIZE      DERIVATIVE 
   1  x            1.20000e-03   5.15167e-03   4.11075e-04   1.71278e+02
   2  y            7.00000e-03   3.13138e-04   9.85801e-05  -8.88306e+02
   3  deltaKpi     3.00000e-01   4.43122e-01   2.00529e-03   7.91585e+01
   4  deltaKpipi0   3.90000e-01     fixed    
   5  phi          0.00000e+00   1.00071e-01   1.55337e-03  -1.90977e+01
   6  rsubdm       3.40000e-03   4.39505e-05   2.65372e-04  -1.71189e+03
   7  rsubdp       3.40000e-03   4.50127e-05   2.58078e-04  -8.61374e+02
   8  qoverp       1.00000e+00   4.55489e-02   2.69263e-03   2.47689e+01
 MIGRAD MINIMIZATION HAS CONVERGED.
 MIGRAD WILL VERIFY CONVERGENCE AND ERROR MATRIX.
 COVARIANCE MATRIX CALCULATED SUCCESSFULLY
 FCN=27.9083 FROM MIGRAD    STATUS=CONVERGED     363 CALLS         364 TOTAL
                     EDM=2.3476e-07    STRATEGY= 2      ERROR MATRIX ACCURATE 
  EXT PARAMETER                                   STEP         FIRST   
  NO.   NAME      VALUE            ERROR          SIZE      DERIVATIVE 
   1  x            4.81028e-03   1.76509e-03   1.57631e-05   4.22392e-02
   2  y            6.49720e-03   9.00619e-04   2.35346e-06  -3.30190e-01
   3  deltaKpi     2.55998e-01   1.83260e-01   2.50873e-05   2.57016e-02
   4  deltaKpipi0   3.90000e-01     fixed    
   5  phi         -7.92317e-02   1.12870e-01   1.99314e-05  -9.11269e-03
   6  rsubdm       3.59483e-03   6.15125e-05   6.54688e-06  -7.56090e-02
   7  rsubdp       3.50137e-03   5.59282e-05   6.33963e-06  -1.15395e-01
   8  qoverp       9.68305e-01   8.94239e-02   6.93017e-05   3.36872e-03
 EXTERNAL ERROR MATRIX.    NDIM=  25    NPAR=  7    ERR DEF=1
  3.116e-06  7.096e-08  6.287e-06  1.840e-05  5.037e-08  4.236e-08 -1.439e-05 
  7.096e-08  8.111e-07  1.591e-04 -6.051e-06  1.742e-08  9.718e-09 -1.332e-05 
  6.287e-06  1.591e-04  3.367e-02  1.220e-04  4.673e-06  3.485e-06 -1.737e-03 
  1.840e-05 -6.051e-06  1.220e-04  1.275e-02 -1.967e-06  2.080e-06  9.001e-03 
  5.037e-08  1.742e-08  4.673e-06 -1.967e-06  3.784e-09  8.006e-10 -1.215e-06 
  4.236e-08  9.718e-09  3.485e-06  2.080e-06  8.006e-10  3.128e-09 -1.609e-08 
 -1.439e-05 -1.332e-05 -1.737e-03  9.001e-03 -1.215e-06 -1.609e-08  8.029e-03 
 PARAMETER  CORRELATION COEFFICIENTS  
       NO.  GLOBAL      1      2      3      5      6      7      8
        1  0.90775   1.000  0.045  0.019  0.092  0.464  0.429 -0.091
        2  0.99240   0.045  1.000  0.963 -0.060  0.314  0.193 -0.165
        3  0.99409   0.019  0.963  1.000  0.006  0.414  0.340 -0.106
        5  0.97734   0.092 -0.060  0.006  1.000 -0.283  0.329  0.890
        6  0.92568   0.464  0.314  0.414 -0.283  1.000  0.233 -0.220
        7  0.91456   0.429  0.193  0.340  0.329  0.233  1.000 -0.003
        8  0.97052  -0.091 -0.165 -0.106  0.890 -0.220 -0.003  1.000
 i, outpar[i], err[i] =  0:  0.00481028 +- 0.00176509
 i, outpar[i], err[i] =  1:  0.0064972 +- 0.000900619
 i, outpar[i], err[i] =  2:  0.255998 +- 0.18326
 i, outpar[i], err[i] =  3:  0.39 +- 0
 i, outpar[i], err[i] =  4:  -0.0792317 +- 0.11287
 i, outpar[i], err[i] =  5:  0.00359483 +- 6.15125e-05
 i, outpar[i], err[i] =  6:  0.00350137 +- 5.59282e-05
 i, outpar[i], err[i] =  7:  0.968305 +- 0.0894239
MixDrawer::graphicsXIndex = 7
name = fitresult
toDraw->getName() = fitresult
name = none
prevOpt->numContours = 5
-------------------------
Set LHCb Style - Feb 2012
-------------------------
set central val graph to (|q/p|,#phi[rad]) = (0.968305,-0.0792317)
centralChisq=27.9083
 **********
 **    4 **FIX           8
 **********
 **********
 **    5 **FIX           5
 **********
 **********
 **    6 **SET ERRDEF           1
 **********
Fitting line 25
Fitting line 50
Fitting line 75
Fitting line 100
