fitresult : 0 +/- 0 (0, 0, 0) 1 plainx 0 none 3 
hfag_ycp : 0.00866 +/- 0.00155 (0.00155, 0, 0) 1 ycp 2 none 3 
hfag_agamma : -0.00022 +/- 0.00161 (0.00161, 0, 0) 1 agamma 3 none 3 
lhcb_agamma_kk : -0.00035 +/- 0.000631506 (0.00062, 0.00012, 0) 1 agamma 3 none 3 
lhcb_agamma_pipi : 0.00033 +/- 0.00106921 (0.00106, 0.00014, 0) 1 agamma 3 none 3 
lhcb_xp2_p : 4.9e-05 +/- 6.99714e-05 (6e-05, 3.6e-05, 0) 1 xprimep 5 kpi 0 
lhcb_yprime_p : 0.0051 +/- 0.00138924 (0.0012, 0.0007, 0) 1 yprimep 8 kpi 0 
lhcb_rd_p : 0.003523 +/- 9.36483e-05 (8.1e-05, 4.7e-05, 0) 1 rsubdp 15 none 3 
lhcb_xp2_m : 6e-05 +/- 6.82642e-05 (5.8e-05, 3.6e-05, 0) 1 xprimem 6 kpi 0 
lhcb_yprime_m : 0.0045 +/- 0.00138924 (0.0012, 0.0007, 0) 1 yprimem 9 kpi 0 
lhcb_rd_m : 0.003613 +/- 9.45145e-05 (8.2e-05, 4.7e-05, 0) 1 rsubdm 14 none 3 
belle_kspipi_x : 0.0081 +/- 0.0033541 (0.003, 0.0015, 0) 1 plainx 0 none 3 
belle_kspipi_y : 0.0037 +/- 0.00277308 (0.0025, 0.0012, 0) 1 plainy 1 none 3 
belle_qoverp : 0.86 +/- 0.316228 (0.3, 0.1, 0) 1 qoverp 18 none 3 
belle_phi : -0.244 +/- 0.3228 (0.31, 0.09, 0) 1 phi 19 none 3 
cleo_cosd : 0.81 +/- 0.208806 (0.2, 0.06, 0) 1 cosangle 10 kpi 0 
cleo_sind : -0.01 +/- 0.411947 (0.41, 0.04, 0) 1 sinangle 11 kpi 0 
cleo_rd : 0.00533 +/- 0.00116078 (0.00107, 0.00045, 0) 1 rsubd 16 none 3 
cleo_x2 : 0.0006 +/- 0.00254951 (0.0023, 0.0011, 0) 1 xsquare 20 kpi 0 
cleo_y : 0.042 +/- 0.0223607 (0.02, 0.01, 0) 1 plainy 1 kpi 0 
cdf_rd : 0.00304 +/- 0.00055 (0.00055, 0, 0) 1 rsubd 16 none 3 
cdf_xp2 : -0.00012 +/- 0.00035 (0.00035, 0, 0) 1 xprime 4 kpi 0 
cdf_yprime : 0.0085 +/- 0.0076 (0.0076, 0, 0) 1 yprime 7 kpi 0 
belle_rd_m : 0.0036 +/- 0.0002 (0.0002, 0, 0) 1 rsubdm 14 none 3 
belle_xp2_m : 6e-05 +/- 0.00034 (0.00034, 0, 0) 1 xprimem 6 kpi 0 
belle_yprime_m : 0.002 +/- 0.0054 (0.0054, 0, 0) 1 yprimem 9 kpi 0 
belle_rd_p : 0.00368 +/- 0.0002 (0.0002, 0, 0) 1 rsubdp 15 none 3 
belle_xp2_p : 0.00032 +/- 0.00037 (0.00037, 0, 0) 1 xprimep 5 kpi 0 
belle_yprime_p : -0.0012 +/- 0.0058 (0.0058, 0, 0) 1 yprimep 8 kpi 0 
babar_rd_m : 0.00303 +/- 0.000223607 (0.0002, 0.0001, 0) 1 rsubdm 14 none 3 
babar_xp2_m : -0.0002 +/- 0.000502195 (0.00041, 0.00029, 0) 1 xprimem 6 kpi 0 
babar_yprime_m : 0.0096 +/- 0.00782368 (0.0064, 0.0045, 0) 1 yprimem 9 kpi 0 
babar_rd_p : 0.00303 +/- 0.000223607 (0.0002, 0.0001, 0) 1 rsubdp 15 none 3 
babar_xp2_p : -0.00024 +/- 0.000524309 (0.00043, 0.0003, 0) 1 xprimep 5 kpi 0 
babar_yprime_p : 0.0098 +/- 0.00746324 (0.0061, 0.0043, 0) 1 yprimep 8 kpi 0 
babar_kspipi_x : 0.0016 +/- 0.00271477 (0.0023, 0.0012, 0.0008) 1 plainx 0 none 3 
babar_kspipi_y : 0.0057 +/- 0.00248596 (0.002, 0.0013, 0.0007) 1 plainy 1 none 3 
