fitresult : 0 +/- 0 (0, 0, 0) 1 plainx 0 none 3 
hfag_ycp : 0.00866 +/- 0.00155 (0.00155, 0, 0) 1 ycp 2 none 3 
hfag_agamma : -0.00022 +/- 0.00161 (0.00161, 0, 0) 1 agamma 3 none 3 
lhcb_agamma_kk : -0.00035 +/- 0.000631506 (0.00062, 0.00012, 0) 1 agamma 3 none 3 
lhcb_agamma_pipi : 0.00033 +/- 0.00106921 (0.00106, 0.00014, 0) 1 agamma 3 none 3 
lhcb_xp2_p : 4.9e-05 +/- 6.99714e-05 (6e-05, 3.6e-05, 0) 1 xprimep 5 kpi 0 
lhcb_yprime_p : 0.0051 +/- 0.00138924 (0.0012, 0.0007, 0) 1 yprimep 8 kpi 0 
lhcb_rd_p : 0.003523 +/- 9.36483e-05 (8.1e-05, 4.7e-05, 0) 1 rsubdp 15 none 3 
lhcb_xp2_m : 6e-05 +/- 6.82642e-05 (5.8e-05, 3.6e-05, 0) 1 xprimem 6 kpi 0 
lhcb_yprime_m : 0.0045 +/- 0.00138924 (0.0012, 0.0007, 0) 1 yprimem 9 kpi 0 
lhcb_rd_m : 0.003613 +/- 9.45145e-05 (8.2e-05, 4.7e-05, 0) 1 rsubdm 14 none 3 
belle_kspipi_x : 0.0081 +/- 0.0033541 (0.003, 0.0015, 0) 1 plainx 0 none 3 
belle_kspipi_y : 0.0037 +/- 0.00277308 (0.0025, 0.0012, 0) 1 plainy 1 none 3 
belle_qoverp : 0.86 +/- 0.316228 (0.3, 0.1, 0) 1 qoverp 18 none 3 
belle_phi : -0.244 +/- 0.3228 (0.31, 0.09, 0) 1 phi 19 none 3 
cleo_cosd : 0.81 +/- 0.208806 (0.2, 0.06, 0) 1 cosangle 10 kpi 0 
cleo_sind : -0.01 +/- 0.411947 (0.41, 0.04, 0) 1 sinangle 11 kpi 0 
cleo_rd : 0.00533 +/- 0.00116078 (0.00107, 0.00045, 0) 1 rsubd 16 none 3 
cleo_x2 : 0.0006 +/- 0.00254951 (0.0023, 0.0011, 0) 1 xsquare 20 kpi 0 
cleo_y : 0.042 +/- 0.0223607 (0.02, 0.01, 0) 1 plainy 1 kpi 0 
cdf_rd : 0.00304 +/- 0.00055 (0.00055, 0, 0) 1 rsubd 16 none 3 
cdf_xp2 : -0.00012 +/- 0.00035 (0.00035, 0, 0) 1 xprime 4 kpi 0 
cdf_yprime : 0.0085 +/- 0.0076 (0.0076, 0, 0) 1 yprime 7 kpi 0 
belle_rd_m : 0.0036 +/- 0.0002 (0.0002, 0, 0) 1 rsubdm 14 none 3 
belle_xp2_m : 6e-05 +/- 0.00034 (0.00034, 0, 0) 1 xprimem 6 kpi 0 
belle_yprime_m : 0.002 +/- 0.0054 (0.0054, 0, 0) 1 yprimem 9 kpi 0 
belle_rd_p : 0.00368 +/- 0.0002 (0.0002, 0, 0) 1 rsubdp 15 none 3 
belle_xp2_p : 0.00032 +/- 0.00037 (0.00037, 0, 0) 1 xprimep 5 kpi 0 
belle_yprime_p : -0.0012 +/- 0.0058 (0.0058, 0, 0) 1 yprimep 8 kpi 0 
babar_rd_m : 0.00303 +/- 0.000223607 (0.0002, 0.0001, 0) 1 rsubdm 14 none 3 
babar_xp2_m : -0.0002 +/- 0.000502195 (0.00041, 0.00029, 0) 1 xprimem 6 kpi 0 
babar_yprime_m : 0.0096 +/- 0.00782368 (0.0064, 0.0045, 0) 1 yprimem 9 kpi 0 
babar_rd_p : 0.00303 +/- 0.000223607 (0.0002, 0.0001, 0) 1 rsubdp 15 none 3 
babar_xp2_p : -0.00024 +/- 0.000524309 (0.00043, 0.0003, 0) 1 xprimep 5 kpi 0 
babar_yprime_p : 0.0098 +/- 0.00746324 (0.0061, 0.0043, 0) 1 yprimep 8 kpi 0 
babar_kspipi_x : 0.0016 +/- 0.00271477 (0.0023, 0.0012, 0.0008) 1 plainx 0 none 3 
babar_kspipi_y : 0.0057 +/- 0.00248596 (0.002, 0.0013, 0.0007) 1 plainy 1 none 3 
Activating result: hfag_ycp
Activating result: lhcb_xp2_m
Activating result: lhcb_yprime_m
Activating result: lhcb_rd_m
Activating result: lhcb_xp2_p
Activating result: lhcb_yprime_p
Activating result: lhcb_rd_p
Activating result: belle_kspipi_x
Activating result: belle_kspipi_y
Activating result: belle_qoverp
Activating result: belle_phi
Activating result: cleo_cosd
Activating result: cleo_sind
Activating result: cleo_rd
Activating result: cleo_x2
Activating result: cleo_y
Activating result: cdf_rd
Activating result: cdf_xp2
Activating result: cdf_yprime
Activating result: babar_rd_m
Activating result: babar_xp2_m
Activating result: babar_yprime_m
Activating result: babar_rd_p
Activating result: babar_xp2_p
Activating result: babar_yprime_p
Activating result: belle_rd_m
Activating result: belle_xp2_m
Activating result: belle_yprime_m
Activating result: belle_rd_p
Activating result: belle_xp2_p
Activating result: belle_yprime_p
Activating result: babar_kspipi_x
Activating result: babar_kspipi_y
Activating result: hfag_agamma
Activating result: lhcb_agamma_kk
Activating result: lhcb_agamma_pipi
Following results will be used in fit: 
  hfag_ycp
  hfag_agamma
  lhcb_agamma_kk
  lhcb_agamma_pipi
  lhcb_xp2_p
  lhcb_yprime_p
  lhcb_rd_p
  lhcb_xp2_m
  lhcb_yprime_m
  lhcb_rd_m
  belle_kspipi_x
  belle_kspipi_y
  belle_qoverp
  belle_phi
  cleo_cosd
  cleo_sind
  cleo_rd
  cleo_x2
  cleo_y
  cdf_rd
  cdf_xp2
  cdf_yprime
  belle_rd_m
  belle_xp2_m
  belle_yprime_m
  belle_rd_p
  belle_xp2_p
  belle_yprime_p
  babar_rd_m
  babar_xp2_m
  babar_yprime_m
  babar_rd_p
  babar_xp2_p
  babar_yprime_p
  babar_kspipi_x
  babar_kspipi_y
hfag_ycp is sensitive to x
hfag_ycp is sensitive to y
lhcb_xp2_p is sensitive to deltaKpi
hfag_ycp is sensitive to phi
lhcb_rd_m is sensitive to rsubdm
lhcb_rd_p is sensitive to rsubdp
hfag_ycp is sensitive to qoverp
 PARAMETER DEFINITIONS:
    NO.   NAME         VALUE      STEP SIZE      LIMITS
     1 x            1.20000e-03  1.00000e-04   -1.00000e-01  1.50000e-01
     2 y            7.00000e-03  1.00000e-04   -1.00000e-01  1.50000e-01
     3 deltaKpi     3.00000e-01  1.00000e-02   -1.60000e+00  2.60000e+00
     4 deltaKpipi0   3.90000e-01  1.00000e-02   -3.00000e+00  2.00000e+00
 **********
 **    1 **FIX           4
 **********
 PARAMETER DEFINITIONS:
    NO.   NAME         VALUE      STEP SIZE      LIMITS
     5 phi          0.00000e+00  1.00000e-03   -3.15000e+00  3.15000e+00
     6 rsubdm       3.40000e-03  1.00000e-04   -1.00000e-02  1.00000e-02
     7 rsubdp       3.40000e-03  1.00000e-04   -1.00000e-02  1.00000e-02
     8 qoverp       1.00000e+00  1.00000e-02    2.50000e-01  1.90000e+00
 **********
 **    2 **SET STR            2
 **********
 NOW USING STRATEGY  2: MAKE SURE MINIMUM TRUE, ERRORS CORRECT  
 **********
 **    3 **MIGRAD
 **********
 FIRST CALL TO USER FUNCTION AT NEW START POINT, WITH IFLAG=4.
 START MIGRAD MINIMIZATION.  STRATEGY  2.  CONVERGENCE WHEN EDM .LT. 1.00e-04
 EIGENVALUES OF SECOND-DERIVATIVE MATRIX:
        -7.0182e-03  5.5132e-02  9.8041e-02  1.9531e-01  2.0953e-01  2.4891e+00  3.9599e+00
 MINUIT WARNING IN HESSE   
 ============== MATRIX FORCED POS-DEF BY ADDING 0.010978 TO DIAGONAL.
 FCN=66.8069 FROM HESSE     STATUS=NOT POSDEF     64 CALLS          65 TOTAL
                     EDM=27.4607    STRATEGY= 2      ERR MATRIX NOT POS-DEF
  EXT PARAMETER                APPROXIMATE        STEP         FIRST   
  NO.   NAME      VALUE            ERROR          SIZE      DERIVATIVE 
   1  x            1.20000e-03   4.33876e-03   4.86155e-04  -8.69808e+00
   2  y            7.00000e-03   5.24010e-04   1.17151e-04  -1.67734e+02
   3  deltaKpi     3.00000e-01   4.86507e-01   2.41603e-03   4.30839e+01
   4  deltaKpipi0   3.90000e-01     fixed    
   5  phi          0.00000e+00   1.24783e-01   1.86478e-03  -1.93112e+01
   6  rsubdm       3.40000e-03   4.17950e-05   3.02809e-04  -1.21582e+03
   7  rsubdp       3.40000e-03   4.21806e-05   2.95227e-04  -4.28031e+02
   8  qoverp       1.00000e+00   4.91929e-02   3.07230e-03   2.84557e+01
 MIGRAD MINIMIZATION HAS CONVERGED.
 MIGRAD WILL VERIFY CONVERGENCE AND ERROR MATRIX.
 COVARIANCE MATRIX CALCULATED SUCCESSFULLY
 FCN=57.5868 FROM MIGRAD    STATUS=CONVERGED     301 CALLS         302 TOTAL
                     EDM=8.67277e-06    STRATEGY= 2      ERROR MATRIX ACCURATE 
  EXT PARAMETER                                   STEP         FIRST   
  NO.   NAME      VALUE            ERROR          SIZE      DERIVATIVE 
   1  x            3.47926e-03   1.67897e-03   3.72008e-05   2.02379e-01
   2  y            6.21962e-03   7.50963e-04   3.32037e-06  -2.05248e+00
   3  deltaKpi     1.14980e-01   2.26934e-01   5.52002e-05   1.31391e-01
   4  deltaKpipi0   3.90000e-01     fixed    
   5  phi         -6.64756e-02   1.28780e-01   4.15301e-05  -2.13437e-02
   6  rsubdm       3.49965e-03   4.80559e-05   8.83566e-06  -7.68391e-01
   7  rsubdp       3.44698e-03   4.44081e-05   8.59297e-06  -1.35015e+00
   8  qoverp       9.79941e-01   7.18836e-02   9.32233e-05  -1.49681e-03
 EXTERNAL ERROR MATRIX.    NDIM=  25    NPAR=  7    ERR DEF=1
  2.819e-06 -7.368e-08  1.342e-05  4.006e-05  2.432e-08  2.404e-08 -3.323e-06 
 -7.368e-08  5.640e-07  1.620e-04 -1.796e-05  8.341e-09  1.598e-09 -1.452e-05 
  1.342e-05  1.620e-04  5.171e-02 -3.315e-03  4.612e-06  2.672e-06 -3.729e-03 
  4.006e-05 -1.796e-05 -3.315e-03  1.659e-02 -1.224e-06  1.153e-06  7.986e-03 
  2.432e-08  8.341e-09  4.612e-06 -1.224e-06  2.309e-09  3.863e-10 -2.718e-07 
  2.404e-08  1.598e-09  2.672e-06  1.153e-06  3.863e-10  1.972e-09 -4.529e-07 
 -3.323e-06 -1.452e-05 -3.729e-03  7.986e-03 -2.718e-07 -4.529e-07  5.181e-03 
 PARAMETER  CORRELATION COEFFICIENTS  
       NO.  GLOBAL      1      2      3      5      6      7      8
        1  0.68693   1.000 -0.058  0.035  0.185  0.301  0.322 -0.027
        2  0.98926  -0.058  1.000  0.948 -0.186  0.231  0.048 -0.269
        3  0.99108   0.035  0.948  1.000 -0.113  0.422  0.265 -0.228
        5  0.96282   0.185 -0.186 -0.113  1.000 -0.198  0.202  0.861
        6  0.88748   0.301  0.231  0.422 -0.198  1.000  0.181 -0.079
        7  0.87395   0.322  0.048  0.265  0.202  0.181  1.000 -0.142
        8  0.95887  -0.027 -0.269 -0.228  0.861 -0.079 -0.142  1.000
 i, outpar[i], err[i] =  0:  0.00347926 +- 0.00167897
 i, outpar[i], err[i] =  1:  0.00621962 +- 0.000750963
 i, outpar[i], err[i] =  2:  0.11498 +- 0.226934
 i, outpar[i], err[i] =  3:  0.39 +- 0
 i, outpar[i], err[i] =  4:  -0.0664756 +- 0.12878
 i, outpar[i], err[i] =  5:  0.00349965 +- 4.80559e-05
 i, outpar[i], err[i] =  6:  0.00344698 +- 4.44081e-05
 i, outpar[i], err[i] =  7:  0.979941 +- 0.0718836
MixDrawer::graphicsXIndex = 7
name = fitresult
toDraw->getName() = fitresult
name = none
prevOpt->numContours = 5
-------------------------
Set LHCb Style - Feb 2012
-------------------------
set central val graph to (|q/p|,#phi[rad]) = (0.979941,-0.0664756)
centralChisq=57.5868
 **********
 **    4 **FIX           8
 **********
 **********
 **    5 **FIX           5
 **********
 **********
 **    6 **SET ERRDEF           1
 **********
Fitting line 25
Fitting line 50
Fitting line 75
Fitting line 100
