fitresult : 0 +/- 0 (0, 0, 0) 1 plainx 0 none 3 
hfag_ycp : 0.00866 +/- 0.00155 (0.00155, 0, 0) 1 ycp 2 none 3 
hfag_agamma : -0.00022 +/- 0.00161 (0.00161, 0, 0) 1 agamma 3 none 3 
lhcb_agamma_kk : -0.00035 +/- 0.000631506 (0.00062, 0.00012, 0) 1 agamma 3 none 3 
lhcb_agamma_pipi : 0.00033 +/- 0.00106921 (0.00106, 0.00014, 0) 1 agamma 3 none 3 
lhcb_xp2_p : 5.5e-05 +/- 4.93964e-05 (4.2e-05, 2.6e-05, 0) 1 xprimep 5 kpi 0 
lhcb_yprime_p : 0.00481 +/- 0.0010017 (0.00085, 0.00053, 0) 1 yprimep 8 kpi 0 
lhcb_rd_p : 0.003568 +/- 6.67308e-05 (5.8e-05, 3.3e-05, 0) 1 rsubdp 15 none 3 
lhcb_xp2_m : 5.5e-05 +/- 4.93964e-05 (4.2e-05, 2.6e-05, 0) 1 xprimem 6 kpi 0 
lhcb_yprime_m : 0.00481 +/- 0.0010017 (0.00085, 0.00053, 0) 1 yprimem 9 kpi 0 
lhcb_rd_m : 0.003568 +/- 6.67308e-05 (5.8e-05, 3.3e-05, 0) 1 rsubdm 14 none 3 
belle_kspipi_x : 0.0081 +/- 0.0033541 (0.003, 0.0015, 0) 1 plainx 0 none 3 
belle_kspipi_y : 0.0037 +/- 0.00277308 (0.0025, 0.0012, 0) 1 plainy 1 none 3 
belle_qoverp : 0.86 +/- 0.316228 (0.3, 0.1, 0) 1 qoverp 18 none 3 
belle_phi : -0.244 +/- 0.3228 (0.31, 0.09, 0) 1 phi 19 none 3 
cleo_cosd : 0.81 +/- 0.208806 (0.2, 0.06, 0) 1 cosangle 10 kpi 0 
cleo_sind : -0.01 +/- 0.411947 (0.41, 0.04, 0) 1 sinangle 11 kpi 0 
cleo_rd : 0.00533 +/- 0.00116078 (0.00107, 0.00045, 0) 1 rsubd 16 none 3 
cleo_xp2 : 0.0006 +/- 0.00254951 (0.0023, 0.0011, 0) 1 xprime 4 kpi 0 
cleo_yprime : 0.042 +/- 0.0223607 (0.02, 0.01, 0) 1 yprime 7 kpi 0 
cdf_rd : 0.00304 +/- 0.00055 (0.00055, 0, 0) 1 rsubd 16 none 3 
cdf_xp2 : -0.00012 +/- 0.00035 (0.00035, 0, 0) 1 xprime 4 kpi 0 
cdf_yprime : 0.0085 +/- 0.0076 (0.0076, 0, 0) 1 yprime 7 kpi 0 
belle_rd_m : 0.0036 +/- 0.0002 (0.0002, 0, 0) 1 rsubdm 14 none 3 
belle_xp2_m : 6e-05 +/- 0.00034 (0.00034, 0, 0) 1 xprimem 6 kpi 0 
belle_yprime_m : 0.002 +/- 0.0054 (0.0054, 0, 0) 1 yprimem 9 kpi 0 
belle_rd_p : 0.00368 +/- 0.0002 (0.0002, 0, 0) 1 rsubdp 15 none 3 
belle_xp2_p : 0.00032 +/- 0.00037 (0.00037, 0, 0) 1 xprimep 5 kpi 0 
belle_yprime_p : -0.0012 +/- 0.0058 (0.0058, 0, 0) 1 yprimep 8 kpi 0 
babar_rd_m : 0.00303 +/- 0.000223607 (0.0002, 0.0001, 0) 1 rsubdm 14 none 3 
babar_xp2_m : -0.0002 +/- 0.000502195 (0.00041, 0.00029, 0) 1 xprimem 6 kpi 0 
babar_yprime_m : 0.0096 +/- 0.00782368 (0.0064, 0.0045, 0) 1 yprimem 9 kpi 0 
babar_rd_p : 0.00303 +/- 0.000223607 (0.0002, 0.0001, 0) 1 rsubdp 15 none 3 
babar_xp2_p : -0.00024 +/- 0.000524309 (0.00043, 0.0003, 0) 1 xprimep 5 kpi 0 
babar_yprime_p : 0.0098 +/- 0.00746324 (0.0061, 0.0043, 0) 1 yprimep 8 kpi 0 
babar_kspipi_x : 0.0016 +/- 0.00271477 (0.0023, 0.0012, 0.0008) 1 plainx 0 none 3 
babar_kspipi_y : 0.0057 +/- 0.00248596 (0.002, 0.0013, 0.0007) 1 plainy 1 none 3 
Activating result: hfag_ycp
Activating result: lhcb_xp2_m
Activating result: lhcb_yprime_m
Activating result: lhcb_rd_m
Activating result: lhcb_xp2_p
Activating result: lhcb_yprime_p
Activating result: lhcb_rd_p
Activating result: belle_kspipi_x
Activating result: belle_kspipi_y
Activating result: belle_qoverp
Activating result: belle_phi
Activating result: cleo_cosd
Activating result: cleo_sind
Activating result: cdf_rd
Activating result: cdf_xp2
Activating result: cdf_yprime
Activating result: babar_kspipi_x
Activating result: babar_kspipi_y
Activating result: hfag_agamma
Activating result: lhcb_agamma_kk
Activating result: lhcb_agamma_pipi
Following results will be used in fit: 
  hfag_ycp
  hfag_agamma
  lhcb_agamma_kk
  lhcb_agamma_pipi
  lhcb_xp2_p
  lhcb_yprime_p
  lhcb_rd_p
  lhcb_xp2_m
  lhcb_yprime_m
  lhcb_rd_m
  belle_kspipi_x
  belle_kspipi_y
  belle_qoverp
  belle_phi
  cleo_cosd
  cleo_sind
  cdf_rd
  cdf_xp2
  cdf_yprime
  babar_kspipi_x
  babar_kspipi_y
hfag_ycp is sensitive to x_12
hfag_ycp is sensitive to y_12
lhcb_xp2_p is sensitive to deltaKpi
hfag_ycp is sensitive to phi_12
lhcb_rd_m is sensitive to rsubdm
lhcb_rd_p is sensitive to rsubdp
 PARAMETER DEFINITIONS:
    NO.   NAME         VALUE      STEP SIZE      LIMITS
     1 x_12         1.20000e-03  1.00000e-04   -1.00000e-01  1.50000e-01
     2 y_12         7.00000e-03  1.00000e-04   -1.00000e-01  1.50000e-01
     3 deltaKpi     3.00000e-01  1.00000e-02   -1.60000e+00  2.60000e+00
     4 deltaKpipi0   3.90000e-01  1.00000e-02   -3.00000e+00  2.00000e+00
 **********
 **    1 **FIX           4
 **********
 PARAMETER DEFINITIONS:
    NO.   NAME         VALUE      STEP SIZE      LIMITS
     5 phi_12       0.00000e+00  1.00000e-03   -3.15000e+00  3.15000e+00
     6 rsubdm       3.40000e-03  1.00000e-04   -1.00000e-02  1.00000e-02
     7 rsubdp       3.40000e-03  1.00000e-04   -1.00000e-02  1.00000e-02
     8 qoverp       1.00000e+00  1.00000e-02    2.50000e-01  1.90000e+00
 **********
 **    2 **FIX           8
 **********
 **********
 **    3 **SET STR            2
 **********
 NOW USING STRATEGY  2: MAKE SURE MINIMUM TRUE, ERRORS CORRECT  
 **********
 **    4 **MIGRAD
 **********
 FIRST CALL TO USER FUNCTION AT NEW START POINT, WITH IFLAG=4.
 START MIGRAD MINIMIZATION.  STRATEGY  2.  CONVERGENCE WHEN EDM .LT. 1.00e-04
 EIGENVALUES OF SECOND-DERIVATIVE MATRIX:
        -1.3373e-01  9.1518e-02  1.4354e-01  2.0804e-01  1.6320e+00  4.0587e+00
 MINUIT WARNING IN HESSE   
 ============== MATRIX FORCED POS-DEF BY ADDING 0.137785 TO DIAGONAL.
 FCN=51.1203 FROM HESSE     STATUS=NOT POSDEF     50 CALLS          51 TOTAL
                     EDM=24.8955    STRATEGY= 2      ERR MATRIX NOT POS-DEF
  EXT PARAMETER                APPROXIMATE        STEP         FIRST   
  NO.   NAME      VALUE            ERROR          SIZE      DERIVATIVE 
   1  x_12         1.20000e-03   4.13710e-03   3.23647e-04   1.12744e+03
   2  y_12         7.00000e-03   1.66756e-04   8.08426e-05  -4.27958e+03
   3  deltaKpi     3.00000e-01   2.89439e-01   1.51330e-03   2.49387e+02
   4  deltaKpipi0   3.90000e-01     fixed    
   5  phi_12       0.00000e+00   1.36469e-01   2.96756e-03   2.29668e+00
   6  rsubdm       3.40000e-03   2.47816e-05   1.97843e-04  -3.20957e+03
   7  rsubdp       3.40000e-03   3.08939e-05   1.94025e-04  -3.25125e+03
   8  qoverp       1.00000e+00     fixed    
 MINUIT WARNING IN MIGRAD  
 ============== Negative diagonal element 1 in Error Matrix
 MINUIT WARNING IN MIGRAD  
 ============== Negative diagonal element 3 in Error Matrix
 MINUIT WARNING IN MIGRAD  
 ============== 1.00054 added to diagonal of error matrix
 MIGRAD MINIMIZATION HAS CONVERGED.
 MIGRAD WILL VERIFY CONVERGENCE AND ERROR MATRIX.
 COVARIANCE MATRIX CALCULATED SUCCESSFULLY
 FCN=19.5825 FROM MIGRAD    STATUS=CONVERGED     402 CALLS         403 TOTAL
                     EDM=1.45646e-07    STRATEGY= 2      ERROR MATRIX ACCURATE 
  EXT PARAMETER                                   STEP         FIRST   
  NO.   NAME      VALUE            ERROR          SIZE      DERIVATIVE 
   1  x_12         4.84213e-03   1.69244e-03   7.85155e-06  -3.41235e-02
   2  y_12         6.85139e-03   9.94077e-04   1.45482e-06   1.09825e-01
   3  deltaKpi     3.23672e-01   1.94914e-01   1.42912e-05  -1.44835e-02
   4  deltaKpipi0   3.90000e-01     fixed    
   5  phi_12      -2.10576e-03   3.41545e-02   1.38424e-05  -1.61465e-02
   6  rsubdm       3.55571e-03   4.29983e-05   3.91273e-06   1.35888e-01
   7  rsubdp       3.55828e-03   4.29453e-05   3.83756e-06   1.04726e-01
   8  qoverp       1.00000e+00     fixed    
 EXTERNAL ERROR MATRIX.    NDIM=  25    NPAR=  6    ERR DEF=1
  2.865e-06 -3.731e-07 -1.065e-04  7.609e-07  3.177e-08  3.238e-08 
 -3.731e-07  9.882e-07  1.901e-04 -4.395e-07  1.324e-08  1.346e-08 
 -1.065e-04  1.901e-04  3.810e-02 -6.125e-05  2.848e-06  2.860e-06 
  7.609e-07 -4.395e-07 -6.125e-05  1.167e-03  6.527e-07 -6.165e-07 
  3.177e-08  1.324e-08  2.848e-06  6.527e-07  1.849e-09  8.105e-10 
  3.238e-08  1.346e-08  2.860e-06 -6.165e-07  8.105e-10  1.844e-09 
 PARAMETER  CORRELATION COEFFICIENTS  
       NO.  GLOBAL      1      2      3      5      6      7
        1  0.96589   1.000 -0.222 -0.322  0.013  0.437  0.446
        2  0.99666  -0.222  1.000  0.980 -0.013  0.310  0.315
        3  0.99760  -0.322  0.980  1.000 -0.009  0.339  0.341
        5  0.81681   0.013 -0.013 -0.009  1.000  0.444 -0.420
        6  0.92336   0.437  0.310  0.339  0.444  1.000  0.439
        7  0.92622   0.446  0.315  0.341 -0.420  0.439  1.000
 i, outpar[i], err[i] =  0:  0.00484213 +- 0.00169244
 i, outpar[i], err[i] =  1:  0.00685139 +- 0.000994077
 i, outpar[i], err[i] =  2:  0.323672 +- 0.194914
 i, outpar[i], err[i] =  3:  0.39 +- 0
 i, outpar[i], err[i] =  4:  -0.00210576 +- 0.0341545
 i, outpar[i], err[i] =  5:  0.00355571 +- 4.29983e-05
 i, outpar[i], err[i] =  6:  0.00355828 +- 4.29453e-05
 i, outpar[i], err[i] =  7:  1 +- 0
MixDrawer::graphicsXIndex = 7
name = fitresult
toDraw->getName() = fitresult
name = none
prevOpt->numContours = 5
-------------------------
Set LHCb Style - Feb 2012
-------------------------
Drawing 5 ellipses
 **********
 **    5 **MIGRAD
 **********
 START MIGRAD MINIMIZATION.  STRATEGY  2.  CONVERGENCE WHEN EDM .LT. 1.00e-04
 FCN=19.5825 FROM MIGRAD    STATUS=INITIATE       12 CALLS         415 TOTAL
                     EDM=7.27503e-08    STRATEGY= 2      ERROR MATRIX ACCURATE 
  EXT PARAMETER                                   STEP         FIRST   
  NO.   NAME      VALUE            ERROR          SIZE      DERIVATIVE 
   1  x_12         4.84213e-03   1.69244e-03   7.85155e-06  -3.41736e-02
   2  y_12         6.85139e-03   9.94077e-04   1.45482e-06   1.09827e-01
   3  deltaKpi     3.23672e-01   1.94914e-01   1.42912e-05  -1.44742e-02
   4  deltaKpipi0   3.90000e-01     fixed    
   5  phi_12      -2.10576e-03   3.41545e-02   1.38424e-05  -1.61463e-02
   6  rsubdm       3.55571e-03   4.29983e-05   3.91273e-06   1.35886e-01
   7  rsubdp       3.55828e-03   4.29453e-05   3.83756e-06   1.04724e-01
   8  qoverp       1.00000e+00     fixed    
 MIGRAD MINIMIZATION HAS CONVERGED.
 MIGRAD WILL VERIFY CONVERGENCE AND ERROR MATRIX.
 COVARIANCE MATRIX CALCULATED SUCCESSFULLY
 FCN=19.5825 FROM MIGRAD    STATUS=CONVERGED      73 CALLS         476 TOTAL
                     EDM=3.66758e-12    STRATEGY= 2      ERROR MATRIX ACCURATE 
  EXT PARAMETER                                   STEP         FIRST   
  NO.   NAME      VALUE            ERROR          SIZE      DERIVATIVE 
   1  x_12         4.84191e-03   1.69253e-03   7.86959e-06   1.07778e-04
   2  y_12         6.85138e-03   9.94032e-04   1.45477e-06   4.89093e-05
   3  deltaKpi     3.23668e-01   1.94916e-01   1.43122e-05   2.46057e-05
   4  deltaKpipi0   3.90000e-01     fixed    
   5  phi_12      -2.10397e-03   3.41561e-02   1.38570e-05   2.92977e-05
   6  rsubdm       3.55570e-03   4.29961e-05   3.91273e-06   1.23714e-05
   7  rsubdp       3.55827e-03   4.29437e-05   3.83753e-06   8.33203e-06
   8  qoverp       1.00000e+00     fixed    
 EXTERNAL ERROR MATRIX.    NDIM=  25    NPAR=  6    ERR DEF=1
  2.865e-06 -3.733e-07 -1.066e-04  7.580e-07  3.176e-08  3.238e-08 
 -3.733e-07  9.881e-07  1.901e-04 -4.391e-07  1.324e-08  1.346e-08 
 -1.066e-04  1.901e-04  3.810e-02 -6.115e-05  2.848e-06  2.859e-06 
  7.580e-07 -4.391e-07 -6.115e-05  1.167e-03  6.527e-07 -6.165e-07 
  3.176e-08  1.324e-08  2.848e-06  6.527e-07  1.849e-09  8.103e-10 
  3.238e-08  1.346e-08  2.859e-06 -6.165e-07  8.103e-10  1.844e-09 
 PARAMETER  CORRELATION COEFFICIENTS  
       NO.  GLOBAL      1      2      3      5      6      7
        1  0.96590   1.000 -0.222 -0.323  0.013  0.436  0.445
        2  0.99666  -0.222  1.000  0.980 -0.013  0.310  0.315
        3  0.99760  -0.323  0.980  1.000 -0.009  0.339  0.341
        5  0.81681   0.013 -0.013 -0.009  1.000  0.444 -0.420
        6  0.92335   0.436  0.310  0.339  0.444  1.000  0.439
        7  0.92622   0.445  0.315  0.341 -0.420  0.439  1.000
initx = 0.00484191
 **********
 **    6 **SET ERRDEF       28.74
 **********
 INVALID PARAMETER NUMBERS.
 **********
 **    7 **SET ERRDEF       19.33
 **********
 INVALID PARAMETER NUMBERS.
 **********
 **    8 **SET ERRDEF       11.83
 **********
 INVALID PARAMETER NUMBERS.
 **********
 **    9 **SET ERRDEF        6.18
 **********
 INVALID PARAMETER NUMBERS.
 **********
 **   10 **SET ERRDEF         2.3
 **********
 INVALID PARAMETER NUMBERS.
drawing contour4
drawing contour3
drawing contour2
drawing contour1
 **********
 **   11 **SET ERRDEF           1
 **********
